
sample fet   v_fb   t_ox   n_ox   c_acc   cap_l   cap_r   capl_tox   capr_tox   vdpPoly   vdpPoly_r   vdpN   vdpN_r   vdpPstp   vdpPstp_r   i_surf   meand_poly   lw_n   lw_pstp2   lw_pstp4   v_bd   i600   v_fd   rho   d_conc   meand_metal   vdp_met   vdp_met_r   vdp_cb   vdp_cb_r   t_line_cb   vdpBulk   vdpBulk_r   vdpBulk_rho   i_surf05   i_bulk05   r_cont_n   r_cont_poly   cont_poly   cont_p   cont_n   
#str V  V  nm  1E10cm^-3  pF  pF  pF  nm  nm  kOhm/sq  kOhm/sq  Ohm/sq  Ohm/sq  kOhm/sq  kOhm/sq  pA  MOhm  um  um  um  V  uA  V  kOhm cm  1E12cm^-3  Ohm  mOhm/sq  mOhm/sq  kOhm/sq  kOhm/sq  um  kOhm/sq  kOhm/sq  kOhm*cm  pA  pA  Ohm  kOhm  MOhm  kOhm  kOhm  
HPK_VPX35496_001_PSP_HM_EL   2.23       5.21       653.3       19.5       87.9       3.46       3.31       168.73       176.32        inf        inf       35.3       35.1       18.6       18.6       13.38        inf       35.0       37.2       60.8       160.0        nan        nan        nan        nan       243.1       27.0       26.3       1.23       1.23       33.5       61.7       61.8       3.33       19.3       1.44       27.8        inf        inf       71.5       96.8       
HPK_VPX35496_001_PSP_HM_ER   2.57       4.72       662.9       17.6       86.6       3.36       3.22       173.75       181.38        inf        inf       35.1       35.3       18.5       18.5       11.52        inf       34.3       36.8       58.6       166.0        nan        nan        nan        nan       242.7       26.9       26.2       1.23       1.23       33.9       61.2       61.2       3.30       16.0       1.40       28.2        inf        inf       71.5       94.1       
HPK_VPX35496_001_PSP_HM_WL   2.59       4.71       662.2       17.6       86.7       3.39       3.24       172.24       179.79        inf        inf       35.5       35.3       18.5       18.5       10.43        inf       35.0       36.5       57.5       162.0        nan       290.0       2.12       6.54       241.5       26.2       24.7       1.19       1.19       33.3       61.4       61.2       3.31       17.7       1.98       27.9        inf        inf       69.3       90.7       
HPK_VPX35496_001_PSP_HM_WR   2.19       5.38       657.1       19.9       87.4       3.43       3.29       170.06       177.49        inf        inf       35.3       35.4       18.7       18.7        nan        inf       35.1       37.5       61.6       158.0        nan        nan        nan        nan       239.6       26.0       26.0       1.19       1.19       33.4       61.6       61.2       3.31       19.4       2.06       28.0        inf        inf       70.6       94.5       
HPK_VPX35496_002_PSP_HM_EL    nan       5.28       654.6       19.7       87.7       3.39       3.27       171.99       178.38        inf        inf        nan        nan        nan        nan       14.28        inf        nan        nan        nan        nan        nan        nan        nan        nan       240.7       27.2       26.8       1.25       1.25       33.4       60.7       60.7       3.28       19.4       1.56        nan        inf        inf       71.5       92.2       
HPK_VPX35496_002_PSP_HM_ER   2.50       4.80       660.6       17.9       86.9       3.33       3.21       175.23       181.70        inf        inf       35.2       35.3       18.6       18.6       12.46        inf       34.8       36.9       59.0       160.0        nan        nan        nan        nan       240.0       25.6       26.3       1.24       1.24       33.7       60.4       60.4       3.26       16.6       2.13       28.1        inf        inf       72.2       96.7       
HPK_VPX35496_002_PSP_HM_WL   2.64       4.63       662.1       17.3       86.7       3.37       3.25       172.90       179.43        inf        inf       35.6       35.3       18.5       18.5       12.92        inf       34.9       36.6       57.9       160.0        nan       279.8       2.08       6.69       238.5       26.8       26.3       1.21       1.20       33.4       60.3       60.6       3.26       18.2       2.34       28.0        inf        inf       70.1       89.3       
HPK_VPX35496_002_PSP_HM_WR   2.23       5.28       655.0       19.6       87.7       3.42       3.29       170.66       177.25        inf        inf       35.3       35.4       18.7       18.7       13.75        inf       35.1       37.2       61.2       161.0        nan        nan        nan        nan       237.1       26.8       26.2       1.20       1.20       33.5       60.7       60.9       3.28       20.7       2.04       28.1        inf        inf       71.5       93.4       
HPK_VPX35496_010_PSP_HM_EL   2.25       5.20       651.7       19.5       88.1       3.48       3.34       167.49       174.72        inf        inf       35.4       35.3       18.6       18.6       14.34        inf       34.9       37.1       61.0       164.0        nan        nan        nan        nan       238.6       26.8       26.1       1.24       1.24       33.5       60.6       60.8       3.28       20.4       1.91       27.9        inf        inf       71.3       90.8       
HPK_VPX35496_010_PSP_HM_ER   2.47       4.88       660.6       18.2       87.0       3.38       3.25       172.36       179.72        inf        inf       35.3       35.3       18.7       18.7       13.11        inf       34.6       36.8       58.8       160.0        nan       332.5       2.19       6.33       238.3       26.8       26.3       1.23       1.23       33.9       60.7       60.5       3.27       18.0       2.09       28.2        inf        inf       71.3       93.7       
HPK_VPX35496_010_PSP_HM_WL   2.60       4.73       662.8       17.6       86.7       3.36       3.22       173.61       180.88        inf        inf       35.7       35.4       18.6       18.6       12.55        inf       35.0       36.4       57.4       172.0       390.1        nan        nan        nan       236.1       26.5       25.7       1.19       1.19       33.0       60.5       60.5       3.27       18.1       1.76       27.9        inf        inf       69.6       87.6       
HPK_VPX35496_010_PSP_HM_WR   2.26       5.30       660.1       19.5       87.0       3.41       3.27       171.28       178.60        inf        inf       35.4       35.4       18.7       18.7       14.21        inf       35.0       37.3       61.0       162.0        nan        nan        nan        nan       234.8       26.4       26.2       1.19       1.19       33.3       60.3       60.6       3.26       20.3       1.84       28.6        inf        inf       71.0       89.2       
HPK_VPX35496_017_PSP_HM_EL   2.28       5.12       654.0       19.2       87.8       3.38       3.26       172.75       178.68        inf        inf       35.2       35.3       18.6       18.6       14.23        inf       34.8       37.0       60.6       160.0        nan        nan        nan        nan       235.8       26.5       26.4       1.25       1.25       33.6       60.9       60.8       3.29       20.2       1.87       27.7        inf        inf       71.9       88.6       
HPK_VPX35496_017_PSP_HM_ER   2.49       4.86       659.1       18.1       87.1       3.32       3.21       175.55       181.73        inf        inf       35.2       35.4       18.7       18.6       13.33        inf       34.7       37.0       58.8       161.0        nan       343.9       2.11       6.58       235.0       27.1       25.8       1.24       1.24       33.6       61.0       60.9       3.29       18.4       2.37       28.0        inf        inf       71.9       95.6       
HPK_VPX35496_017_PSP_HM_WL   2.41       4.79       662.9       17.8       86.6       3.35       3.23       173.93       180.42        inf        inf       35.7       35.4       18.6       18.7       13.02        inf       34.9       36.6       58.3       162.0       495.3        nan        nan        nan       234.3       26.6       26.2       1.20       1.20       33.7       60.9       60.9       3.29       19.1       2.06       28.0        inf        inf       70.1       88.1       
HPK_VPX35496_017_PSP_HM_WR   2.26       5.25       655.9       19.5       87.6       3.40       3.28       171.38       177.99        inf        inf       35.4       35.4       18.8       18.7       14.27        inf       35.0       37.3       61.1       164.0        nan        nan        nan        nan       232.5       26.2       26.4       1.20       1.20       33.5       60.5       60.6       3.27       20.5       2.12       28.4        inf        inf       71.2       90.9       
HPK_VPX35496_026_PSP_HM_EL   2.38       5.00       651.4       18.8       88.2       3.45       3.30       169.18       176.58        inf        inf       35.3       35.1       18.4       18.5       14.41        inf       35.0       36.9       60.3       160.0        nan       352.7       1.86       7.48       240.0       26.6       25.7       1.24       1.24       33.2       60.9       61.1       3.29       20.3       1.94       27.7        inf        inf       73.4       83.0       
HPK_VPX35496_026_PSP_HM_ER   2.70       4.37       657.1       16.6       87.4       3.37       3.23       173.33       180.87        inf        inf       35.0       35.3       18.5       18.5       11.20        inf       34.6       36.7       58.0        nan        nan       291.5       2.01       6.90       239.4       25.9       25.9       1.25       1.24       33.6       60.9       60.9       3.29       15.8       1.70       27.8        inf        inf       73.8       86.0       
HPK_VPX35496_026_PSP_HM_WL   2.78       4.30       659.3       16.3       87.1       3.38       3.24       172.48       179.88        inf        inf       35.4       35.2       18.5       18.5       11.23        inf       34.8       36.8       57.2       150.0       327.5       293.4       2.02       6.87       237.8       26.9       26.0       1.20       1.20       33.5       61.4       61.1       3.31       16.6       1.54       28.0        inf        inf       71.3       80.1       
HPK_VPX35496_026_PSP_HM_WR   2.35       5.11       655.4       19.1       87.6       3.42       3.28       170.68       177.74        inf        inf       35.3       35.5       18.5       18.5       13.73        inf       35.0       37.0       60.2       159.0        nan        nan        nan        nan       236.9       25.7       25.8       1.19       1.20       33.8       60.7       60.3       3.27       20.7       2.19       28.2        inf        inf       72.6       82.1       
HPK_VPX35496_032_PSP_HM_EL   2.38       4.99       652.7       18.7       88.0       3.36       3.24       173.71       180.13        inf        inf       35.2       35.2       18.6       18.7       14.30        inf       34.7       36.9       60.2       160.0        inf        inf        inf        inf       240.3       22.4       22.5       1.23       1.24       32.8       62.2       61.8       3.35       20.1       2.16       27.9        inf        inf       72.5       89.7       
HPK_VPX35496_032_PSP_HM_ER   2.70       4.34       655.0       16.5       87.7       3.33       3.21       175.34       181.72        inf        inf       35.1       35.2       18.6       18.6       11.33        inf       34.5       36.3       57.7       150.0        inf        inf        inf        inf       239.6       22.2       22.2       1.24       1.24       33.5       61.9       61.8       3.34       15.7       1.73       27.8        inf        inf       73.2       89.5       
HPK_VPX35496_032_PSP_HM_WL   2.75       4.25       652.5       16.3       88.0       3.39       3.26       172.24       178.87        inf        inf       35.6       35.2       18.6       18.6       11.60        inf       34.7       36.0       57.0       150.0        inf        inf        inf        inf       237.7       22.1       22.0       1.19       1.18       33.9       62.2       61.8       3.35       17.3       2.38       27.9        inf        inf       71.4       85.8       
HPK_VPX35496_032_PSP_HM_WR   2.37       5.02       652.7       18.9       88.0       3.41       3.28       171.09       177.74        inf        inf       35.3       35.3       18.7       18.7       14.54        inf       34.9       37.1       60.6       160.0        inf        inf        inf        inf       236.1       21.9       22.1       1.19       1.19       33.1       61.4       61.6       3.32       21.0       2.18       28.5        inf        inf       72.8       88.8       
HPK_VPX35496_040_PSP_HM_EL   2.31       5.00       649.5       18.9       88.4       3.24       3.11       180.29       187.38        inf        inf       35.3       35.2       18.7       18.8       15.62        inf       34.8       37.0       60.0       170.0        inf        inf        inf        inf       237.3       20.3       20.1       1.24       1.24       33.2       61.9       61.5       3.33       22.1       2.05       28.0        inf        inf       72.5       90.4       
HPK_VPX35496_040_PSP_HM_ER   2.63       4.47       653.0       17.0       88.0       3.16       3.04       184.55       191.85        inf        inf       35.1       35.4       18.7       18.7       12.82        inf       34.5       36.4       58.3       170.0        inf        inf        inf        inf       236.4       20.1       19.9       1.25       1.24       33.7       62.1       62.2       3.36       17.7       1.90       28.4        inf        inf       73.4       92.2       
HPK_VPX35496_040_PSP_HM_WL   2.68       4.33       652.0       16.6       88.1       3.18       3.06       183.45       190.58        inf        inf       35.6       35.2       18.7       18.7       12.49        inf       35.0       36.5       57.1       165.0        inf        inf        inf        inf       236.0       20.2       20.0       1.20       1.19       33.6       60.7       60.7       3.28       18.7       1.97       27.8        inf        inf       71.5       86.4       
HPK_VPX35496_040_PSP_HM_WR   2.26       5.09       650.8       19.1       88.3       3.22       3.10       181.18       188.23        inf        inf       35.4       35.4       18.8       18.8       15.03        inf       34.9       38.4       62.2       155.0        inf        inf        inf        inf       234.7       20.0       19.9       1.20       1.20       33.7       61.7       61.7       3.33       22.2       2.00       28.3        inf        inf       72.3       92.0       
HPK_VPX35496_044_PSP_HM_EL   2.27       5.12       654.3       19.1       87.8       3.14       3.03       185.91       192.31        inf        inf       35.1       35.2       18.9       18.8       15.65        inf       34.7       37.1       61.0       165.0        inf        inf        inf        inf       233.2       20.4       20.1       1.24       1.25       33.3       61.7       61.6       3.33       21.9       2.29       28.1        inf        inf       73.0       84.6       
HPK_VPX35496_044_PSP_HM_ER   2.53       4.60       653.4       17.4       87.9       3.12       3.02       186.81       193.08        inf        inf       35.1       35.3       18.9       18.9       12.99        inf       34.6       36.5       58.7       165.0        inf        inf        inf        inf       231.9       20.2       20.0       1.24       1.24       33.5       61.6       61.7       3.33       17.9       2.13       28.4        inf        inf       72.2       90.3       
HPK_VPX35496_044_PSP_HM_WL   2.63       4.47       648.9       17.1       88.5       3.19       3.09       182.68       189.00        inf        inf       35.7       35.4       18.9       18.9       12.83        inf       34.8       36.7       58.0       160.0        inf        inf        inf        inf       231.3       20.1       20.1       1.20       1.19       32.8       61.5       61.4       3.32       19.4       2.36       27.7        inf        inf       70.9       82.2       
HPK_VPX35496_044_PSP_HM_WR   2.20       5.16       646.8       19.5       88.8       3.23       3.12       180.81       187.21        inf        inf       35.5       35.5       18.9       18.9       14.95        inf       34.9       36.8       60.9       155.0        inf        inf        inf        inf       229.7       19.9       19.9       1.19       1.19       33.3       61.1       61.1       3.30       22.4       2.40       28.2        inf        inf       72.7       88.5       
